$ANSIBLE_VAULT;1.1;AES256
38343136333837336632343737323439643231346361336464366465313163623662663534353436
6230316465336633343933373438363739616637663232350a353637313365653966373930613735
32363962666532656463643230326536346461636264386664393064613564363837383338393138
3735633630626265330a313863313330393039616465326330383939393437623834616238386437
32323564373432373261316265626166353336313533303339346564343932353461336533623037
61633564323532346138376539646165313866343634356562396563633164333137623865393163
63396638346333373964353965646462356638656463303039353432646230346634313961356463
39373433303164323363323934313032303832623935386161393637333735323163323366313664
61343836323032386562303037353463633861303434393438663064313936386632333636346266
36616338336536313031386237666131386531393333306435633166333937396330306339653931
663932393933303636383161666662366631
